[Camera]
Brightness = 100
ExposureAuto = Off
ExposureTimeAbs = 5
GainAuto = Off
Gain = 40
BalanceWhiteAuto = Off
BalanceRatioRed = 110
BalanceRatioBlue = 157

[Other]
ks = [[1211.6869991000933, 0.0, 678.8505597836245], [0.0, 1211.573489338152, 545.7782967471728], [0.0, 0.0, 1.0]]
poses = [[0.8921352999595349, 0.06761356671712981, -0.4466799885397812], [0.4578626450382626, -0.299769322884301, 0.836958870755339], [-0.07731118326322761, -0.9511986342535936, -0.29839252128762794]]
eye = [[2.82660167662986, -7.990907475556691, 2.0796401908237483]]
hmtx = [[-0.00917759306537188, -0.012440266612319275, 12.859990574160358], [-0.0013282389931741003, 0.03324581777628303, -14.369640458422943], [-0.00034214480651710246, -0.0037591285088748472, 1.0]]
dist = [[-0.4961034640930749, 0.3027911864487634, -0.001403238278729668, 0.001295085436791667, -0.11460521924525857]]
newcameramtx = [[965.3467407226562, 0.0, 659.007905659997], [0.0, 1081.023193359375, 545.1568372892652], [0.0, 0.0, 1.0]]
projection_mat = [[557.8127854516821, 991.4468942212743, -268.4467855893878, 6852.370918272034], [-176.43532774751003, 139.52248389147385, -1189.626484236761, 4104.795021807625], [-0.45465517044067383, 0.8413907289505005, -0.2921477258205414, 8.85982608795166]]
extrinsic_mat = [[0.8882136344909668, 0.4526495337486267, -0.07864440977573395, 1.0500636100769043], [0.06606985628604889, -0.2952456772327423, -0.9531341791152954, -0.6708456873893738], [-0.45465517044067383, 0.8413907289505005, -0.2921477258205414, 8.85982608795166]]

