[Camera]
Brightness = 100
ExposureAuto = Off
ExposureTimeAbs = 3
GainAuto = Off
Gain = 120
BalanceWhiteAuto = Off
BalanceRatioRed = 110
BalanceRatioBlue = 157

[Other]
ks = [[1235.057507552043, 0.0, 762.6318057740573], [0.0, 1235.887521219294, 554.1490296341883], [0.0, 0.0, 1.0]]
poses = [[0.8666281024922804, -0.14040032792918278, 0.4787937759495282], [-0.5241700476305855, -0.21138323322538843, 0.8249623566430948], [-0.014616008993518559, -0.9659049181098583, -0.2567842968867904]]
eye = [[-2.659950167424564, -7.9806319478463505, 1.7728965804889003]]
hmtx = [[-0.00704168488236732, 0.016350747767111703, -3.8208626665483987], [0.0048039191808345585, 0.03839389763751854, -20.107870987347273], [-7.002755547054982e-05, -0.004450721385424637, 1.0]]
dist = [[-0.5174073649660939, 0.3434369569637, 0.00017737728144079067, 0.0012798953431086466, -0.14252643754041577]]
newcameramtx = [[1126.16748046875, 0.0, 695.3936597856518], [0.0, 1170.9736328125, 525.0428597863356], [0.0, 0.0, 1.0]]
projection_mat = [[1311.0871817582267, -12.717733785180245, -180.8707213956084, 4642.875091474703], [105.79029954858747, 188.1438434393831, -1265.0136556987381, 4064.507155504596], [0.503934383392334, 0.826789379119873, -0.2499389350414276, 8.870659828186035]]
extrinsic_mat = [[0.8530297875404358, -0.5218245387077332, -0.006273285951465368, -1.3547945022583008], [-0.13561095297336578, -0.2100440263748169, -0.968241274356842, -0.5063900947570801], [0.503934383392334, 0.826789379119873, -0.2499389350414276, 8.870659828186035]]

