[Camera]
Brightness = 100
ExposureAuto = Off
ExposureTimeAbs = 7
GainAuto = Off
Gain = 150
BalanceWhiteAuto = Off
BalanceRatioRed = 110
BalanceRatioBlue = 157

[Other]
ks = [[1235.057507552043, 0.0, 762.6318057740573], [0.0, 1235.887521219294, 554.1490296341883], [0.0, 0.0, 1.0]]
poses = [[-0.1551758720530946, -0.14641509484796533, 0.9769764934394392], [-0.9878735072906384, 0.037128315308652904, -0.1507561666918935], [-0.014200512852452232, -0.9885229147483247, -0.1504010119736332]]
eye = [[-13.239366268074717, 2.0347548686742236, 2.9502604898329285]]
hmtx = [[0.0019346007886649015, 0.03905708107802331, -24.86481693508344], [0.008330364975684556, -0.005952959564126798, -2.221929038077392], [-4.1808582871694205e-05, -0.0027990072622093, 1.0]]
dist = [[-0.5174073649660939, 0.3434369569637, 0.00017737728144079067, 0.0012798953431086466, -0.14252643754041577]]
newcameramtx = [[1126.16748046875, 0.0, 695.3936597856518], [0.0, 1170.9736328125, 525.0428597863356], [0.0, 0.0, 1.0]]
projection_mat = [[507.89177336554604, -1216.6544186946253, -116.71981478877898, 9378.23002010196], [352.3946491943676, -34.653968194774066, -1233.4773335563605, 8107.181357066401], [0.978532075881958, -0.149461030960083, -0.141902893781662, 13.470793724060059]]
extrinsic_mat = [[-0.1532393991947174, -0.9880592226982117, -0.016020212322473526, 0.00952386949211359], [-0.13781405985355377, 0.03742140531539917, -0.9897509217262268, 0.8833993077278137], [0.978532075881958, -0.149461030960083, -0.141902893781662, 13.470793724060059]]

