[Camera]
Brightness = 100
ExposureAuto = Off
ExposureTimeAbs = 5
GainAuto = Off
Gain = 100
BalanceWhiteAuto = Off
BalanceRatioRed = 110
BalanceRatioBlue = 157

[Other]
ks = [[1235.057507552043, 0.0, 762.6318057740573], [0.0, 1235.887521219294, 554.1490296341883], [0.0, 0.0, 1.0]]
poses = [[0.9715329481459536, -0.005849396969701437, 0.23683225122842178], [-0.2092225828867666, -0.06965013686968491, 0.9753844212638549], [0.01078998803518047, -0.9971687576790054, -0.06889122875410525]]
eye = [[-0.7762336592410966, -3.9113635025449836, 1.0483826073882037]]
hmtx = [[-0.0024461646408122806, 0.001029982200556615, 0.655476247403108], [0.0004984992445792184, 0.009106347903490103, -7.167457249245566], [2.578643352205831e-05, -0.002291895680763513, 1.0]]
dist = [[-0.5174073649660939, 0.3434369569637, 0.00017737728144079067, 0.0012798953431086466, -0.14252643754041577]]
newcameramtx = [[1126.16748046875, 0.0, 695.3936597856518], [0.0, 1170.9736328125, 525.0428597863356], [0.0, 0.0, 1.0]]
projection_mat = [[1245.1255388607099, 446.2668247049789, -48.30965685264367, 2311.4550496692314], [91.0641630194392, 433.6940703121293, -1204.3529665216697, 2982.440243262866], [0.20596376061439514, 0.9761331081390381, -0.06887000799179077, 3.9517040252685547]]
extrinsic_mat = [[0.9784509539604187, -0.206479012966156, -0.000371072645066306, -0.3876287341117859], [-0.014582428149878979, -0.06730949878692627, -0.9976255893707275, 0.7751039266586304], [0.20596376061439514, 0.9761331081390381, -0.06887000799179077, 3.9517040252685547]]

