[Camera]
Brightness = 100
ExposureAuto = Off
ExposureTimeAbs = 5
GainAuto = Off
Gain = 40
BalanceWhiteAuto = Off
BalanceRatioRed = 110
BalanceRatioBlue = 157

[Other]
ks = [[1235.057507552043, 0.0, 762.6318057740573], [0.0, 1235.887521219294, 554.1490296341883], [0.0, 0.0, 1.0]]
poses = [[0.8664509631716559, -0.09643148770943599, 0.4898608951498922], [-0.4831403583885838, -0.4241900230432717, 0.7659231152320043], [0.13393499892876282, -0.9003063893514779, -0.4141297975655309]]
eye = [[-2.5872873159241534, -7.960818723172944, 2.990837149766046]]
hmtx = [[0.027972728438521118, -0.024172753102742316, -2.565519879219548], [-0.003543125416178933, -0.07746493113022962, 32.33735306330457], [-0.0012767265904804392, 0.008253725547441505, 0.9999999999999999]]
dist = [[-0.5174073649660939, 0.3434369569637, 0.00017737728144079067, 0.0012798953431086466, -0.14252643754041577]]
newcameramtx = [[1126.16748046875, 0.0, 695.3936597856518], [0.0, 1170.9736328125, 525.0428597863356], [0.0, 0.0, 1.0]]
projection_mat = [[1316.3907546792514, -10.199515270385024, -137.24777500008545, 3751.282250853863], [144.0395391564881, -93.5438706799043, -1271.7513434841144, 3426.156190917733], [0.4910733699798584, 0.766657292842865, -0.41362249851226807, 8.620265007019043]]
extrinsic_mat = [[0.8656806945800781, -0.4824576675891876, 0.13353492319583893, -1.9918843507766724], [-0.0971798375248909, -0.4236404597759247, -0.9006025195121765, -0.9392631649971008], [0.4910733699798584, 0.766657292842865, -0.41362249851226807, 8.620265007019043]]

