[Camera]
Brightness = 100
ExposureAuto = Off
ExposureTimeAbs = 3
GainAuto = Off
Gain = 120
BalanceWhiteAuto = Off
BalanceRatioRed = 110
BalanceRatioBlue = 157

[Other]
ks = [[1211.6869991000933, 0.0, 678.8505597836245], [0.0, 1211.573489338152, 545.7782967471728], [0.0, 0.0, 1.0]]
poses = [[0.9044556822762093, 0.10191663087887436, -0.41421361535876056], [0.4383117496914326, -0.20367445232698664, 0.8754424752956291], [0.0048574163558159356, -0.9733536157809939, -0.22888577254481302]]
eye = [[1.098873657785601, -7.7129803480574886, 1.7415551622653458]]
hmtx = [[-0.006179052156002796, -0.00547608849570243, 8.666603582248383], [-0.003160746288608347, 0.028611199057488452, -12.566989151882126], [1.9453453404943705e-05, -0.0034810506912608266, 1.0]]
dist = [[-0.4961034640930749, 0.3027911864487634, -0.001403238278729668, 0.001295085436791667, -0.11460521924525857]]
newcameramtx = [[965.3467407226562, 0.0, 659.007905659997], [0.0, 1081.023193359375, 545.1568372892652], [0.0, 0.0, 1.0]]
projection_mat = [[597.4516814334942, 995.492123351558, -135.02855798190976, 7151.365007636986], [-117.00661676729055, 271.87486765119064, -1173.9678886063766, 4195.058366310352], [-0.416657954454422, 0.8824166059494019, -0.21848827600479126, 7.754371643066406]]
extrinsic_mat = [[0.9033361077308655, 0.4288330674171448, 0.009278472512960434, 2.114445209503174], [0.10188247263431549, -0.19350239634513855, -0.9757954478263855, -0.029870176687836647], [-0.416657954454422, 0.8824166059494019, -0.21848827600479126, 7.754371643066406]]

