[Camera]
Brightness = 100
ExposureAuto = Off
ExposureTimeAbs = 7
GainAuto = Off
Gain = 150
BalanceWhiteAuto = Off
BalanceRatioRed = 110
BalanceRatioBlue = 157

[Other]
ks = [[1211.6869991000933, 0.0, 678.8505597836245], [0.0, 1211.573489338152, 545.7782967471728], [0.0, 0.0, 1.0]]
poses = [[0.2835821305026248, 0.011482154916567566, 0.9588792079183204], [-0.9549251631269644, -0.1006567073606468, 0.2792600223631254], [0.09972413066442065, -0.9948510361464016, -0.01757984486595987]]
eye = [[-13.132138563036152, -2.7901005324888835, 3.406935911866581]]
hmtx = [[-0.005654978849898541, 0.029113916255037908, -19.46790213672528], [0.007339862976126329, 0.007281695228832664, -10.996446730689273], [0.00024830142995430483, -0.00221200111192629, 1.0]]
dist = [[-0.4961034640930749, 0.3027911864487634, -0.001403238278729668, 0.001295085436791667, -0.11460521924525857]]
newcameramtx = [[965.3467407226562, 0.0, 659.007905659997], [0.0, 1081.023193359375, 545.1568372892652], [0.0, 0.0, 1.0]]
projection_mat = [[904.1213248648229, -735.7434738101706, 86.2081504342316, 9425.538023328358], [537.8908087763625, 45.71256738199293, -1083.6932289208405, 10839.195662790085], [0.9594314694404602, 0.28154444694519043, -0.014964871108531952, 13.472015380859375]]
extrinsic_mat = [[0.2816070020198822, -0.954355001449585, 0.09951876848936081, 0.5670225620269775], [0.013737155124545097, -0.09969565272331238, -0.9949231743812561, 3.2328948974609375], [0.9594314694404602, 0.28154444694519043, -0.014964871108531952, 13.472015380859375]]

