[Camera]
Brightness = 100
ExposureAuto = Off
ExposureTimeAbs = 5
GainAuto = Off
Gain = 100
BalanceWhiteAuto = Off
BalanceRatioRed = 110
BalanceRatioBlue = 157

[Other]
ks = [[1211.6869991000933, 0.0, 678.8505597836245], [0.0, 1211.573489338152, 545.7782967471728], [0.0, 0.0, 1.0]]
poses = [[0.9656684657059299, 0.0462785807371392, -0.25562219642689765], [0.30739035496332645, -0.055482158496483636, 0.9499646834299109], [0.029780546082165626, -0.9959267360187509, -0.06780296022934085]]
eye = [[0.11477091836513792, -3.568615039885637, 1.0233274294952226]]
hmtx = [[-0.002382778305993041, -0.0016028235441037804, 3.0871661578968888], [-0.0009442356818824652, 0.008323610712821408, -5.729833294061768], [7.449613633035758e-05, -0.0022247274123775706, 0.9999999999999999]]
dist = [[-0.4961034640930749, 0.3027911864487634, -0.001403238278729668, 0.001295085436791667, -0.11460521924525857]]
newcameramtx = [[965.3467407226562, 0.0, 659.007905659997], [0.0, 1081.023193359375, 545.1568372892652], [0.0, 0.0, 1.0]]
projection_mat = [[717.8205890621704, 922.1136686861344, -25.014826346481023, 2842.6351935020375], [-134.64413732014023, 464.30998709626476, -1109.997427555174, 2852.1771882969915], [-0.3050999641418457, 0.9506444931030273, -0.05647144839167595, 3.679199457168579]]
extrinsic_mat = [[0.9518692493438721, 0.30624377727508545, 0.012638261541724205, 0.4330191910266876], [0.02930852398276329, -0.04989750310778618, -0.9983242154121399, 0.7829956412315369], [-0.3050999641418457, 0.9506444931030273, -0.05647144839167595, 3.679199457168579]]

